97 2558 WaterGBlock Block 4943.927 431.2343 0 0
972 2567 WaterGBlock Block 4930.596 578.1384 0 0
-93 4947 WaterGBlock Block 64 64 0 0
583 5006 WaterGBlock Block 146.9038 1355.308 0 0
494 4853 ahLogo0 GoalBlock 1
294 401 sawAni2 MovingPath 2 302 901 700 901 
687 914 sawAni2 MovingPath 2 695 1424 304 1689 
690 1415 sawAni2 MovingPath 2 698 1925 302 1252 
301 1643 sawAni2 MovingPath 2 309 2153 708 2127 
696 2072 sawAni2 MovingPath 2 704 2582 306 2582 
297 2208 sawAni2 MovingPath 2 305 2718 698 3374 
699 2855 sawAni2 MovingPath 2 707 3365 314 3367 
306 2857 sawAni2 MovingPath 2 314 3367 690 2718 
682 2208 sawAni2 MovingPath 2 690 2718 309 2718 
298 3071 sawAni2 MovingPath 2 306 3581 688 3944 
680 3434 sawAni2 MovingPath 2 688 3944 321 4175 
313 3665 sawAni2 MovingPath 2 321 4175 708 4544 
693 4038 sawAni2 MovingPath 2 701 4548 303 4817 
295 4307 sawAni2 MovingPath 2 303 4817 692 5037 
291 4674 sawAni2 MovingPath 2 299 5184 711 5184 
581 2587 Water WaterBlock 0 1284.225 4907.487
Demi -160 1333 336 5580
BGCOLOR 167 218 220
CAM 0.4576889
CPOS 309.9042 681.2934
