145 118 bigBlock Block 75.10723 801.1439 0 0
1234 121 bigBlock Block 78.68376 965.6644 0 0
2394 82 bigBlock Block 100.143 1026.466 0 0
3544 29 bigBlock Block 121.6022 1112.302 0 0
4699 -58 bigBlock Block 110.8726 1123.032 0 0
5790 -117 bigBlock Block 110.8726 951.3584 0 0
6804 -168 bigBlock Block 135.9083 976.394 0 0
128 375 bigBlock Block 475 85 0 0
1216 393 bigBlock Block 475 85 0 0
2380 378 bigBlock Block 550.7864 110.8726 0 0
3508 335 bigBlock Block 550.7864 150.2144 0 0
4624 432 bigBlock Block 886.9807 110.873 0 0
5796 392 bigBlock Block 965.6644 114.4492 0 0
6792 467 bigBlock Block 1201.716 82.26025 0 0
131 829 bigBlock Block 475 85 0 0
7224 -285 ahLogo0 GoalBlock 1
Demi -906 7504 200 1842
BGCOLOR 133 200 232 
CAM 0.5119111
CPOS 400 360
